constraint allowed_period(40,hard,1,[course],[5],[{275,276,277,278,279,280,281,282,283,284,285,287,288,289,290,291,292,293,294,295,296,297,299,300,301,302,303,304,305,306,307,308,309,311,312,313,314,315,316,317,318,319,320,321,323,324,325,326,327,328,329,330,331,332,333,335,336,337,338,339,340,341,342,343,344,345}],[46,47]);
constraint allowed_period(41,hard,1,[course],[5],[{275,276,277,287,288,289,299,300,301,311,312,313,323,324,325,335,336,337}],[48,49]);
constraint allowed_period(42,hard,1,[course],[5],[{286,298,310,322,334,346}],[50,51]);
constraint allowed_period(43,hard,1,[course],[5],[{347,348,349,350,351,352,353,354,355,356,357,358,359,360,361,362,363,364,365,366,367,368,369,370,371,372,373,374,375,376,377,378,379,380,381,382,383,384,385,386,387,388,389,390,391,392,393,394,395,396,397,398,399,400,401,402,403,404,405,406,407,408,409,410,411,412,413,414,415,416,417,418,419,420,421,422,423,424,425,426,427,428,429,430,431,432,433,434,435,436,437,438,439,440,441,442,443,444,445,446,447,448,449,450,451,452,453,454}],[52,53]);
constraint allowed_period(44,hard,1,[course],[5],[{347,356,365,374,383,392,401,410,419,428,437,446}],[54,55]);
constraint allowed_period(45,hard,1,[course],[5],[{455}],[56,57]);
constraint allowed_period(70,hard,1,[part],[12],[{456,465,474,483,492,501}],[66,67]);
constraint allowed_period(71,hard,1,[part],[12],[{457,466,475,484,493,502}],[68,69]);
constraint allowed_period(72,hard,1,[part],[12],[{458,459,467,468,476,477,485,486,494,495,503,504}],[70,71]);
constraint allowed_period(73,hard,1,[part],[12],[{460,461,469,470,478,479,487,488,496,497,505,506}],[72,73]);
constraint allowed_period(74,hard,1,[part],[12],[{462,463,471,472,480,481,489,490,498,499,507,508}],[74,75]);
constraint allowed_period(75,hard,1,[part],[12],[{464,473,482,491,500,509}],[76,77]);
constraint allowed_period(76,hard,1,[part],[13],[{510}],[78,79]);
