# positionX (cm), positionY (mm) 
0.0 , 1.800779
0.1 , 1.690691
0.2 , 1.3860799
0.3 , 1.498387
0.4 , 1.770101
0.5 , 1.7092679999999998
0.6 , 1.995939
0.7 , 2.65191
0.8 , 1.8350739999999999
0.9 , 2.3657399999999997
1.0 , 2.64316
1.1 , 2.40768
1.2 , 1.909459
1.3 , 2.0762329999999998
1.4 , 2.5643399999999996
1.5 , 2.4473599999999998
1.6 , 2.51349
1.7 , 2.55908
1.8 , 2.8275699999999997
1.9 , 2.178356
2.0 , 2.185288
2.1 , 2.7263
2.2 , 1.924761
2.3 , 2.60988
2.4 , 2.26613
2.5 , 2.40707
2.6 , 2.2877709999999998
2.7 , 2.114563
2.8 , 1.914769
2.9 , 2.229281
3.0 , 2.269255
3.1 , 1.4202849999999998
3.2 , 1.438167
3.3 , 0.9096839999999999
3.4 , 1.288338
3.5 , 0.39363199999999987
3.6 , 0.6958669999999999
3.7 , 0.9009799999999999
3.8 , 0.1999899999999999
3.9 , 0.6168879999999999
4.0 , 0.6095129999999999
4.1 , 0.2072799999999999
4.2 , 0.8898759999999999
4.3 , 0.35431999999999986
4.4 , 0.8089009999999999
4.5 , 0.5315979999999999
4.6 , 0.7000139999999999
4.7 , 0.728173
4.8 , 0.6552179999999999
4.9 , 0.5428789999999999
5.0 , 0.4849549999999999
5.1 , 0.29011999999999993
5.2 , 0.8259199999999999
5.3 , -0.0093700000000001
5.4 , 0.07962999999999987
5.5 , 0.6374799999999999
5.6 , 0.15723999999999982
5.7 , 0.8215109999999999
5.8 , 1.026422
5.9 , 0.41799699999999995
6.0 , 0.43193799999999993
6.1 , 1.22298
6.2 , 0.3678929999999999
6.3 , 0.641029
6.4 , 1.4046059999999998
6.5 , 2.154274
6.6 , 1.975908
6.7 , 1.5438049999999999
6.8 , 1.9604529999999998
6.9 , 1.6836689999999999
7.0 , 2.57766
7.1 , 1.725852
7.2 , 2.172753
7.3 , 2.4970299999999996
7.4 , 2.43293
7.5 , 2.60074
7.6 , 2.2296449999999997
7.7 , 2.206673
7.8 , 2.4441100000000002
7.9 , 2.0314129999999997
8.0 , 2.44272
8.1 , 1.913206
8.2 , 2.288369
8.3 , 1.835423
8.4 , 2.3316749999999997
8.5 , 2.69993
8.6 , 2.085355
8.7 , 2.040701
8.8 , 2.39621
8.9 , 1.9398199999999999
9.0 , 2.5598599999999996
9.1 , 2.5349399999999997
9.2 , 2.197977
9.3 , 2.013228
9.4 , 2.182826
9.5 , 1.643354
9.6 , 1.508405
9.7 , 1.4285889999999999
9.8 , 0.49697099999999994
9.9 , 1.059192
10.0 , 1.169508
10.1 , 0.6288689999999999
10.2 , 0.5981599999999999
10.3 , 0.14528999999999992
10.4 , 0.1251199999999999
10.5 , 0.5142199999999999
10.6 , 0.40947199999999995
10.7 , 0.6300489999999999
10.8 , 0.6043569999999999
10.9 , 0.1854699999999998
11.0 , 0.4632369999999999
11.1 , -0.11459000000000019
11.2 , 0.624558
11.3 , 0.09038999999999997
11.4 , 0.728775
11.5 , 0.18009999999999993
11.6 , -0.06447000000000003
11.7 , 0.11688999999999994
11.8 , 0.5588079999999999
11.9 , 0.730964
12.0 , 0.3777219999999999
12.1 , 0.44344099999999986
12.2 , 0.8849989999999999
12.3 , 0.8356069999999999
12.4 , 0.6730109999999999
12.5 , 0.3078399999999999
12.6 , 0.6523419999999999
12.7 , 1.46196
12.8 , 1.408051
12.9 , 1.680879
13.0 , 1.802439
13.1 , 1.471882
13.2 , 2.275397
13.3 , 2.242111
13.4 , 2.61721
13.5 , 2.2328219999999996
13.6 , 2.62821
13.7 , 2.48944
13.8 , 2.117579
13.9 , 2.5454999999999997
14.0 , 2.150616
14.1 , 2.056272
14.2 , 2.27668
14.3 , 1.927822
14.4 , 2.6030499999999996
14.5 , 1.9619429999999998
14.6 , 2.55387
14.7 , 2.1998759999999997
14.8 , 2.7236
14.9 , 2.69766
15.0 , 1.844217
15.1 , 1.89079
15.2 , 2.213978
15.3 , 1.9686439999999998
15.4 , 1.6540869999999999
15.5 , 2.049839
15.6 , 1.7732929999999998
15.7 , 1.7098639999999998
15.8 , 1.4637749999999998
15.9 , 1.947326
16.0 , 1.365556
16.1 , 0.6696449999999999
16.2 , 1.2084279999999998
16.3 , 0.5044469999999999
16.4 , 1.1402949999999998
16.5 , 0.46471799999999985
16.6 , 0.24483999999999995
16.7 , 0.946982
16.8 , 0.12102999999999997
16.9 , 0.6083799999999999
17.0 , 0.3369
17.1 , 0.11439999999999984
17.2 , 0.3050299999999999
17.3 , 0.32206999999999986
17.4 , 0.8242209999999999
17.5 , 0.09609999999999985
17.6 , 0.2607499999999998
17.7 , 0.3448399999999998
17.8 , 0.01537999999999995
17.9 , 0.5666819999999999
18.0 , 0.763778
18.1 , 0.8588769999999999
18.2 , 0.7229939999999999
18.3 , 0.7080799999999999
18.4 , 0.40236899999999987
18.5 , 0.5396519999999999
18.6 , 0.4436309999999999
18.7 , 0.5258939999999999
18.8 , 1.1128879999999999
18.9 , 1.1352669999999998
19.0 , 0.9330309999999999
19.1 , 0.9308159999999999
19.2 , 1.669144
19.3 , 1.618957
19.4 , 1.442378
19.5 , 1.681095
19.6 , 2.024996
19.7 , 1.63036
19.8 , 2.2611049999999997
19.9 , 2.114408
20.0 , 2.4488
20.1 , 2.5576
20.2 , 2.193004
20.3 , 2.332346
20.4 , 2.0753269999999997
20.5 , 2.58376
20.6 , 1.9930759999999998
20.7 , 2.276369
20.8 , 1.912067
20.9 , 2.168455
21.0 , 1.9055039999999999
21.1 , 2.1498909999999998
21.2 , 2.2695179999999997
21.3 , 2.38324
21.4 , 2.45854
21.5 , 2.309527
21.6 , 1.756799
21.7 , 2.4999399999999996
21.8 , 1.6343029999999998
21.9 , 1.669057
22.0 , 2.149631
22.1 , 2.1996409999999997
22.2 , 2.3050949999999997
22.3 , 1.766174
22.4 , 1.6405759999999998
22.5 , 0.9229229999999999
22.6 , 1.226268
22.7 , 0.8408189999999999
22.8 , 0.537607
22.9 , 0.9867329999999999
23.0 , 0.9772159999999999
23.1 , 0.964259
23.2 , 0.8334119999999999
23.3 , 0.6407839999999999
23.4 , 0.24054999999999982
23.5 , 0.8303799999999999
23.6 , 0.8426309999999999
23.7 , 0.13449
23.8 , 0.12317999999999985
23.9 , 0.5215949999999999
24.0 , 0.23344999999999994
24.1 , 0.7508839999999999
24.2 , 0.11307
24.3 , 0.30938
24.4 , 0.7109469999999999
24.5 , 0.12151999999999985
24.6 , 0.6877449999999999
24.7 , 0.8861429999999999
24.8 , 0.48130399999999995
24.9 , 0.7067669999999999
25.0 , 0.6805049999999999
25.1 , 0.25281
25.2 , 0.7940929999999999
25.3 , 0.9192799999999999
25.4 , 0.86957
25.5 , 1.263345
25.6 , 1.7464209999999998
25.7 , 1.351394
25.8 , 1.789618
25.9 , 2.37326
26.0 , 1.742991
26.1 , 1.6829749999999999
26.2 , 2.37605
26.3 , 1.724227
26.4 , 2.64974
26.5 , 1.803157
26.6 , 1.9265849999999998
26.7 , 2.230755
26.8 , 2.4601499999999996
26.9 , 1.983635
27.0 , 2.75196
27.1 , 2.5929
27.2 , 1.9477639999999998
27.3 , 2.034729
27.4 , 2.6298
27.5 , 2.238504
27.6 , 2.43316
27.7 , 2.40134
27.8 , 2.226359
27.9 , 2.6417
28.0 , 2.5547
28.1 , 1.9101249999999999
28.2 , 2.61871
28.3 , 2.128368
28.4 , 2.155063
28.5 , 2.249567
28.6 , 1.623351
28.7 , 1.8014729999999999
28.8 , 1.803382
28.9 , 1.2949499999999998
29.0 , 1.0518269999999998
29.1 , 0.32399
29.2 , 0.6514949999999999
29.3 , 0.8415269999999999
29.4 , 0.5706689999999999
29.5 , 0.05699999999999994
29.6 , 0.9614729999999999
29.7 , 0.06532999999999989
29.8 , 0.7986139999999999
29.9 , 0.39067299999999994
30.0 , 0.6667029999999999
30.1 , 0.08782000000000001
30.2 , 0.760774
30.3 , 0.5482989999999999
30.4 , 0.6373149999999999
30.5 , 0.15493999999999986
30.6 , 0.15020999999999995
30.7 , 0.16747999999999985
30.8 , 0.6395379999999999
30.9 , 0.17618999999999985
31.0 , 0.3477189999999999
31.1 , 0.8590859999999999
31.2 , 0.17398999999999987
31.3 , 0.8604149999999999
31.4 , 0.9774799999999999
31.5 , 0.9709089999999999
31.6 , 0.9677509999999999
31.7 , 0.9459339999999998
31.8 , 0.42025999999999986
31.9 , 0.8540409999999998
32.0 , 0.8652529999999998
32.1 , 1.900922
32.2 , 1.7641959999999999
32.3 , 2.105327
32.4 , 2.4461899999999996
32.5 , 1.805069
32.6 , 1.6569239999999998
32.7 , 2.65922
32.8 , 2.59586
32.9 , 2.72064
33.0 , 2.4775799999999997
33.1 , 2.152609
33.2 , 2.46626
33.3 , 1.85533
33.4 , 2.2887589999999998
33.5 , 2.117826
33.6 , 2.41925
33.7 , 1.988762
33.8 , 2.60512
33.9 , 2.79284
34.0 , 2.300377
34.1 , 2.38823
34.2 , 2.77217
34.3 , 2.55707
34.4 , 1.949465
34.5 , 2.5016499999999997
34.6 , 2.50204
34.7 , 2.5317
34.8 , 2.209953
34.9 , 2.266429
35.0 , 1.8923459999999999
35.1 , 2.036192
35.2 , 1.3593149999999998
35.3 , 0.559186
35.4 , 0.858919
35.5 , 0.3291799999999998
35.6 , 0.3338699999999999
35.7 , 0.19648
35.8 , 0.28549999999999986
35.9 , 0.894353
36.0 , 0.8996999999999999
36.1 , 0.4883979999999999
36.2 , 0.786198
36.3 , 0.0411499999999998
36.4 , 0.5929769999999999
36.5 , 0.26491
36.6 , 0.587119
36.7 , 0.6538939999999999
36.8 , 0.30591999999999997
36.9 , -0.06606000000000001
37.0 , 0.38877699999999993
37.1 , -0.05569000000000002
37.2 , 0.6539739999999999
37.3 , 0.4482259999999999
37.4 , 0.6915989999999999
37.5 , 0.6417069999999999
37.6 , 0.7328029999999999
37.7 , 0.9278939999999999
37.8 , 0.3318399999999999
37.9 , 0.14208999999999983
38.0 , 1.046068
38.1 , 0.38020699999999996
38.2 , 1.288312
38.3 , 0.7943889999999999
38.4 , 1.7689659999999998
38.5 , 1.2568145
38.6 , 1.3646352
38.7 , 1.654326
38.8 , 2.35873
38.9 , 1.7187249999999998
39.0 , 1.698114
39.1 , 2.4454399999999996
39.2 , 2.5608
39.3 , 2.178187
39.4 , 2.1813
39.5 , 2.66633
39.6 , 2.2320889999999998
39.7 , 2.194597
39.8 , 2.110794
39.9 , 2.73501
40.0 , 2.57252
40.1 , 2.7999099999999997
40.2 , 2.59312
40.3 , 1.954936
40.4 , 1.9970849999999998
40.5 , 1.936318
40.6 , 2.3553499999999996
40.7 , 1.895147
40.8 , 2.5957999999999997
40.9 , 2.137418
41.0 , 2.122673
41.1 , 2.1734489999999997
41.2 , 2.35649
41.3 , 1.5817979999999998
41.4 , 2.259728
41.5 , 1.558015
41.6 , 1.7834889999999999
41.7 , 1.131552
41.8 , 0.7874229999999999
41.9 , 0.9766799999999999
42.0 , 0.26234999999999986
42.1 , 0.21531999999999996
42.2 , 0.532322
42.3 , 0.855861
42.4 , 0.8051849999999999
42.5 , 0.4532189999999999
42.6 , 0.6980419999999999
42.7 , 0.26810999999999985
42.8 , -0.009460000000000024
42.9 , 0.7452869999999999
43.0 , 0.22409999999999997
43.1 , -0.1434200000000001
43.2 , -0.02605000000000013
43.3 , 0.6160429999999999
43.4 , 0.7287039999999999
43.5 , 0.8535269999999999
43.6 , 0.7710349999999999
43.7 , 0.690286
43.8 , 0.19665999999999983
43.9 , 0.6671389999999999
44.0 , 0.5609279999999999
44.1 , 0.48839299999999986
44.2 , 0.696332
44.3 , 0.12483
44.4 , 1.1654
44.5 , 0.35464299999999993
44.6 , 1.227733
44.7 , 0.6884159999999999
44.8 , 1.7899599999999998
44.9 , 1.920118
45.0 , 2.293097
45.1 , 2.38661
45.2 , 2.47836
45.3 , 2.274768
45.4 , 2.017953
45.5 , 1.954577
45.6 , 2.189432
45.7 , 2.268523
45.8 , 1.896385
45.9 , 2.6606199999999998
46.0 , 2.7831799999999998
46.1 , 2.103083
46.2 , 1.9906959999999998
46.3 , 1.8437919999999999
46.4 , 2.35794
46.5 , 2.77593
46.6 , 2.5992499999999996
46.7 , 2.094114
46.8 , 1.9601819999999999
46.9 , 2.44843
47.0 , 2.76144
47.1 , 1.9777369999999999
47.2 , 1.9279469999999999
47.3 , 2.6646599999999996
47.4 , 2.010519
47.5 , 1.6709749999999999
47.6 , 2.41939
47.7 , 1.4507169999999998
47.8 , 1.7869469999999998
47.9 , 1.843086
48.0 , 0.8600869999999999
48.1 , 1.029434
48.2 , 0.8440549999999999
48.3 , 0.9415359999999999
48.4 , 0.5903019999999999
48.5 , 0.521133
48.6 , 0.6395649999999999
48.7 , 0.959957
48.8 , 0.6790189999999999
48.9 , 0.13630999999999993
49.0 , -0.017830000000000013
49.1 , 0.13883999999999985
49.2 , 0.18781999999999988
49.3 , 0.3125899999999999
49.4 , 0.2332599999999998
49.5 , -0.03958000000000017
49.6 , 0.18675999999999982
49.7 , 0.2521199999999999
49.8 , 0.10772999999999988
49.9 , 0.21614
50.0 , 0.017779999999999907
50.1 , 0.43537899999999996
50.2 , 0.019369999999999887
50.3 , 0.8557109999999999
50.4 , 0.29972
50.5 , 0.7815889999999999
50.6 , 0.10902999999999996
50.7 , 0.3076899999999998
50.8 , 0.4489289999999999
50.9 , 0.6834799999999999
51.0 , 0.3936569999999999
51.1 , 0.5491269999999999
51.2 , 0.9520659999999999
51.3 , 2.065105
51.4 , 1.8438379999999999
51.5 , 2.02226
51.6 , 1.5312919999999999
51.7 , 2.35863
51.8 , 2.050379
51.9 , 2.319172
52.0 , 2.2197259999999996
52.1 , 2.269326
52.2 , 2.66467
52.3 , 2.56844
52.4 , 1.9965279999999999
52.5 , 1.8341029999999998
52.6 , 2.0020569999999998
52.7 , 2.021965
52.8 , 2.135411
52.9 , 2.090076
53.0 , 2.098022
53.1 , 2.81757
53.2 , 2.51227
53.3 , 2.2764119999999997
53.4 , 1.775232
53.5 , 2.6027699999999996
53.6 , 1.956378
53.7 , 1.90726
53.8 , 1.792764
53.9 , 2.3983
54.0 , 1.631343
54.1 , 1.4660659999999999
54.2 , 1.722105
54.3 , 2.0999749999999997
54.4 , 1.770981
54.5 , 0.9373259999999999
54.6 , 1.287922
54.7 , 0.5973499999999999
54.8 , 0.5419789999999999
54.9 , 0.3839879999999999
55.0 , 1.0176509999999999
55.1 , 0.2135499999999999
55.2 , 0.9161359999999998
55.3 , 0.07707999999999982
55.4 , 0.36396499999999987
55.5 , 0.7514249999999999
55.6 , -0.08504
55.7 , 0.5069969999999999
55.8 , 0.23146
55.9 , 0.4242419999999999
56.0 , 0.7924689999999999
56.1 , 0.8145319999999999
56.2 , 0.05664999999999987
56.3 , 0.02303999999999995
56.4 , 0.3693059999999999
56.5 , 0.11668999999999996
56.6 , 0.6684589999999999
56.7 , 0.5724609999999999
56.8 , 0.20438
56.9 , 0.25066999999999995
57.0 , 0.38793199999999994
57.1 , 0.9392799999999999
57.2 , 0.8871259999999999
57.3 , 0.575085
57.4 , 0.8320649999999999
57.5 , 0.9738269999999999
57.6 , 1.054846
57.7 , 1.511617
57.8 , 1.5326499999999998
57.9 , 1.980251
58.0 , 2.47694
58.1 , 2.46169
58.2 , 2.4535099999999996
58.3 , 2.3666
58.4 , 2.60927
58.5 , 2.50922
58.6 , 2.55766
58.7 , 2.54039
58.8 , 2.309822
58.9 , 2.78117
59.0 , 2.36429
59.1 , 2.1593169999999997
59.2 , 2.67283
59.3 , 2.7343
59.4 , 1.939598
59.5 , 2.047987
59.6 , 2.166217
59.7 , 1.850025
59.8 , 1.8749339999999999
59.9 , 1.974491
60.0 , 2.6117999999999997
60.1 , 1.8346989999999999
60.2 , 1.921938
60.3 , 1.64441
60.4 , 1.764041
60.5 , 2.3522999999999996
60.6 , 1.582339
60.7 , 1.369708
60.8 , 1.199709
60.9 , 1.0002739999999999
61.0 , 1.121619
61.1 , 0.5013289999999999
61.2 , 0.5361729999999999
61.3 , 0.8172709999999999
61.4 , 0.48897099999999993
61.5 , 0.029159999999999853
61.6 , 0.3246
61.7 , 0.5738059999999999
61.8 , 0.20856999999999992
61.9 , 0.20729999999999982
62.0 , 0.12632999999999983
62.1 , 0.8414769999999999
62.2 , 0.6635769999999999
62.3 , 0.28057
62.4 , 0.12269999999999981
62.5 , 0.49397199999999986
62.6 , 0.7538779999999999
62.7 , 0.503836
62.8 , 0.6903599999999999
62.9 , 0.13791999999999982
63.0 , 0.4613369999999999
63.1 , 0.6554709999999999
63.2 , 0.27069999999999994
63.3 , 0.48882599999999987
63.4 , 0.624226
63.5 , 0.19280999999999993
63.6 , 0.5008789999999999
63.7 , 1.126946
63.8 , 1.244038
63.9 , 0.6481089999999999
64.0 , 1.493245
64.1 , 1.219333
64.2 , 1.579594
64.3 , 2.219175
64.4 , 1.915031
64.5 , 1.61746
64.6 , 2.46378
64.7 , 2.4159499999999996
64.8 , 2.227544
64.9 , 2.44401
65.0 , 2.091246
65.1 , 2.7272
65.2 , 2.054639
65.3 , 2.67992
65.4 , 1.99037
65.5 , 2.115077
65.6 , 2.246614
65.7 , 2.091203
65.8 , 1.98294
65.9 , 2.223334
66.0 , 2.110473
66.1 , 2.188417
66.2 , 2.6691599999999998
66.3 , 2.041222
66.4 , 1.9457959999999999
66.5 , 1.941566
66.6 , 2.127176
66.7 , 2.012302
66.8 , 2.35693
66.9 , 2.202362
67.0 , 1.838347
67.1 , 1.360877
67.2 , 1.5051359999999998
67.3 , 1.4837159999999998
67.4 , 0.694205
67.5 , 0.6608569999999999
67.6 , 0.9947229999999999
67.7 , 0.9545959999999999
67.8 , 0.3844329999999999
67.9 , 0.3664939999999999
68.0 , 0.2836299999999998
68.1 , 0.3259099999999999
68.2 , -0.011260000000000048
68.3 , 0.24795999999999996
68.4 , 0.5596929999999999
68.5 , 0.10416999999999987
68.6 , 0.37585499999999994
68.7 , 0.07446999999999981
68.8 , 0.6683169999999999
68.9 , -0.09016000000000002
69.0 , -0.06446000000000018
69.1 , 0.09088999999999992
69.2 , 0.4655039999999999
69.3 , -0.041340000000000154
69.4 , 0.22090999999999994
69.5 , 0.48167799999999994
69.6 , 0.7084329999999999
69.7 , 0.962958
69.8 , 0.6769089999999999
69.9 , 0.764693
70.0 , 1.02527
70.1 , 0.6510179999999999
70.2 , 0.47462399999999993
70.3 , 0.5097609999999999
70.4 , 1.049992
70.5 , 1.4801099999999998
70.6 , 1.8283939999999999
70.7 , 1.492541
70.8 , 1.6535229999999999
70.9 , 2.35369
71.0 , 1.6693729999999998
71.1 , 2.000956
71.2 , 2.2901119999999997
71.3 , 2.245287
71.4 , 1.9094579999999999
71.5 , 1.8479009999999998
71.6 , 2.220005
71.7 , 2.73433
71.8 , 2.2239389999999997
71.9 , 2.7646100000000002
72.0 , 2.74232
72.1 , 2.69524
72.2 , 2.60438
72.3 , 1.925869
72.4 , 2.70178
72.5 , 2.1623989999999997
72.6 , 2.3597799999999998
72.7 , 2.60651
72.8 , 1.974847
72.9 , 2.230295
73.0 , 1.658758
73.1 , 1.8147159999999998
73.2 , 2.299825
73.3 , 1.75165
73.4 , 1.967695
73.5 , 2.0269909999999998
73.6 , 1.737755
73.7 , 0.9074749999999999
73.8 , 0.99179
73.9 , 1.170362
74.0 , 0.7378689999999999
74.1 , 0.4114009999999999
74.2 , 0.9403809999999999
74.3 , 0.46539299999999995
74.4 , 0.7907159999999999
74.5 , 0.5087559999999999
74.6 , 0.5021969999999999
74.7 , 0.7830879999999999
74.8 , -0.1093900000000001
74.9 , 0.783943
75.0 , -0.13009000000000004
75.1 , 0.8166849999999999
75.2 , 0.24902999999999986
75.3 , -0.08935000000000004
75.4 , 0.16281999999999996
75.5 , -0.04576000000000002
75.6 , 0.7044689999999999
75.7 , 0.6752829999999999
75.8 , 0.6953459999999999
75.9 , 0.618122
76.0 , 0.9498279999999999
76.1 , 0.02505999999999986
76.2 , 0.8414129999999999
76.3 , 0.8980729999999999
76.4 , 0.6298649999999999
76.5 , 0.27035999999999993
76.6 , 1.263015
76.7 , 0.8705879999999999
76.8 , 1.5894549999999998
76.9 , 1.34002
77.0 , 2.0146509999999997
77.1 , 1.570099
77.2 , 1.7500799999999999
77.3 , 2.46039
77.4 , 2.43735
77.5 , 2.272779
77.6 , 2.59345
77.7 , 2.7058999999999997
77.8 , 2.2916849999999998
77.9 , 2.196613
78.0 , 2.67328
78.1 , 2.02386
78.2 , 2.153754
78.3 , 2.2671919999999997
78.4 , 2.69833
78.5 , 2.208348
78.6 , 2.015103
78.7 , 2.61498
78.8 , 2.47903
78.9 , 2.49188
79.0 , 2.23025
79.1 , 2.4194199999999997
79.2 , 2.297866
79.3 , 1.7024839999999999
79.4 , 1.725552
79.5 , 2.207332
79.6 , 2.197559
79.7 , 2.38605
79.8 , 1.9896759999999998
79.9 , 1.694728
80.0 , 1.394326
80.1 , 0.9152829999999998
80.2 , 0.625099
80.3 , 0.33875999999999995
80.4 , 0.23421999999999987
80.5 , 0.5455539999999999
80.6 , 0.6177119999999999
80.7 , 0.23844999999999983
80.8 , 0.6103449999999999
80.9 , 0.5316509999999999
81.0 , 0.6111989999999999
81.1 , 0.8501029999999998
81.2 , -0.10845000000000016
81.3 , 0.2732699999999999
81.4 , 0.780538
81.5 , 0.00046999999999997044
81.6 , 0.7477919999999999
81.7 , -0.14329999999999998
81.8 , 0.7983719999999999
81.9 , 0.2786799999999998
82.0 , 0.32531999999999983
82.1 , 0.4899109999999999
82.2 , 0.8254809999999999
82.3 , 0.838602
82.4 , 0.49592199999999986
82.5 , 0.27471
82.6 , 0.2062799999999998
82.7 , 0.8572359999999999
82.8 , 0.34817999999999993
82.9 , 0.6080419999999999
83.0 , 0.68163
83.1 , 0.621709
83.2 , 1.7949469999999998
83.3 , 1.262462
83.4 , 1.891534
83.5 , 2.059214
83.6 , 1.6825759999999998
83.7 , 2.278831
83.8 , 2.40441
83.9 , 1.8566729999999998
84.0 , 1.823728
84.1 , 2.54636
84.2 , 2.7117
84.3 , 2.32762
84.4 , 2.266774
84.5 , 2.127213
84.6 , 2.69982
84.7 , 2.225921
84.8 , 1.995488
84.9 , 2.317728
85.0 , 2.0915019999999998
85.1 , 2.56144
85.2 , 2.50724
85.3 , 2.6287399999999996
85.4 , 2.46481
85.5 , 2.142554
85.6 , 2.61948
85.7 , 2.333487
85.8 , 2.1332969999999998
85.9 , 1.76141
86.0 , 1.751897
86.1 , 2.33281
86.2 , 1.609222
86.3 , 1.630275
86.4 , 1.60456
86.5 , 1.406059
86.6 , 1.1599769999999998
86.7 , 0.677804
86.8 , 0.5231459999999999
86.9 , 0.40876199999999996
87.0 , 0.6506119999999999
87.1 , 0.9682929999999998
87.2 , 0.4738419999999999
87.3 , 0.3914909999999999
87.4 , 0.833428
87.5 , 0.04859999999999998
87.6 , 0.5243539999999999
87.7 , 0.012659999999999894
87.8 , 0.2967199999999999
87.9 , 0.10572999999999988
88.0 , -0.09337000000000018
88.1 , 0.1980099999999998
88.2 , 0.539229
88.3 , -0.0392300000000001
88.4 , 0.11429
88.5 , 0.3988769999999999
88.6 , 0.3198399999999999
88.7 , 0.41093499999999994
88.8 , 0.5076319999999999
88.9 , 0.923017
89.0 , 0.2853899999999998
89.1 , 0.6036189999999999
89.2 , 0.5574359999999999
89.3 , 0.5182319999999999
89.4 , 1.1581929999999998
89.5 , 0.5073519999999999
89.6 , 1.3304179999999999
89.7 , 1.9596419999999999
89.8 , 2.285818
89.9 , 2.156733
90.0 , 2.1172809999999997
90.1 , 1.5856299999999999
90.2 , 1.9993979999999998
90.3 , 2.05869
90.4 , 2.47713
90.5 , 2.49626
90.6 , 1.944475
90.7 , 1.8241679999999998
90.8 , 2.273708
90.9 , 1.9425089999999998
91.0 , 2.72733
91.1 , 1.8712049999999998
91.2 , 2.66441
91.3 , 2.1456999999999997
91.4 , 2.43171
91.5 , 2.36896
91.6 , 2.77986
91.7 , 2.2057469999999997
91.8 , 2.210668
91.9 , 1.849129
92.0 , 1.770246
92.1 , 2.58275
92.2 , 2.58411
92.3 , 2.268354
92.4 , 1.9602789999999999
92.5 , 2.4202899999999996
92.6 , 1.8843549999999998
92.7 , 2.0848329999999997
92.8 , 1.032846
92.9 , 0.6898119999999999
93.0 , 1.0379749999999999
93.1 , 0.5857149999999999
93.2 , 0.32811999999999997
93.3 , 0.4183009999999999
93.4 , 0.3646489999999999
93.5 , 0.645411
93.6 , 0.5433839999999999
93.7 , 0.7430889999999999
93.8 , 0.8769469999999999
93.9 , 0.16899999999999982
94.0 , 0.07433000000000001
94.1 , 0.17060999999999993
94.2 , 0.26839999999999997
94.3 , 0.10867999999999989
94.4 , 0.758357
94.5 , -0.09792000000000001
94.6 , 0.36342799999999986
94.7 , 0.8468389999999999
94.8 , -0.06386000000000003
94.9 , 0.565973
95.0 , 0.3906829999999999
95.1 , 0.09543999999999997
95.2 , 0.3939889999999999
95.3 , 0.18219999999999992
95.4 , 1.0595599999999998
95.5 , 0.7169419999999999
95.6 , 0.887586
95.7 , 1.179331
95.8 , 0.6807799999999999
95.9 , 0.6411879999999999
96.0 , 1.335357
96.1 , 1.8257839999999999
96.2 , 1.5853849999999998
96.3 , 1.987009
96.4 , 2.010674
96.5 , 2.29912
96.6 , 1.997342
96.7 , 1.780965
96.8 , 1.7210299999999998
96.9 , 2.041744
97.0 , 1.994962
97.1 , 2.7661499999999997
97.2 , 2.5545099999999996
97.3 , 1.9272999999999998
97.4 , 2.62835
97.5 , 2.6053100000000002
97.6 , 2.5647399999999996
97.7 , 2.4215099999999996
97.8 , 2.041321
97.9 , 1.865592
98.0 , 2.5312599999999996
98.1 , 1.9122
98.2 , 1.969944
98.3 , 2.47376
98.4 , 1.9622709999999999
98.5 , 2.3051399999999997
98.6 , 2.223663
98.7 , 1.7807419999999998
98.8 , 2.39892
98.9 , 2.146881
99.0 , 1.8442379999999998
99.1 , 1.7257529999999999
99.2 , 1.714607
99.3 , 0.7269579999999999
99.4 , 1.111794
99.5 , 0.718891
99.6 , 1.151068
99.7 , 0.14403999999999995
99.8 , 0.7480499999999999
99.9 , 0.9942759999999999
100.0 , 0.628805
100.1 , 0.6571179999999999
100.2 , -0.04635000000000011
100.3 , 0.6883949999999999
100.4 , 0.1320699999999999
100.5 , 0.44272599999999995
100.6 , 0.06399999999999983
100.7 , 0.42861399999999994
100.8 , 0.1821299999999999
100.9 , 0.675078
101.0 , 0.6449879999999999
101.1 , 0.38246199999999986
101.2 , 0.44031999999999993
101.3 , 0.7014809999999999
101.4 , 0.007879999999999887
101.5 , 0.8634849999999998
101.6 , 0.1473
101.7 , 0.9310319999999999
101.8 , 0.30779
101.9 , 0.21963999999999984
102.0 , 0.3245
102.1 , 0.7161709999999999
102.2 , 0.5492849999999999
102.3 , 0.6175189999999999
