-1.434200000000001030e-01
-1.432999999999999829e-01
-1.300900000000000389e-01
-1.145900000000001917e-01
-1.093900000000000983e-01
-1.084500000000001574e-01
-9.792000000000000703e-02
-9.337000000000017508e-02
-9.016000000000001791e-02
-8.935000000000004050e-02
-8.504000000000000448e-02
-6.606000000000000760e-02
-6.447000000000002728e-02
-6.446000000000018382e-02
-6.386000000000002785e-02
-5.569000000000001727e-02
-4.635000000000011333e-02
-4.576000000000002288e-02
-4.134000000000015440e-02
-3.958000000000017060e-02
-3.923000000000009813e-02
-2.605000000000012861e-02
-1.783000000000001251e-02
-1.126000000000004775e-02
-9.460000000000023945e-03
-9.370000000000100471e-03
4.699999999999704414e-04
7.879999999999887095e-03
1.265999999999989356e-02
1.537999999999994927e-02
1.777999999999990699e-02
1.936999999999988731e-02
2.303999999999994941e-02
2.505999999999986017e-02
2.915999999999985270e-02
4.114999999999979785e-02
4.859999999999997655e-02
5.664999999999986713e-02
5.699999999999993960e-02
6.399999999999983480e-02
6.532999999999988816e-02
7.433000000000000718e-02
7.446999999999981412e-02
7.707999999999981533e-02
7.962999999999986755e-02
8.782000000000000917e-02
9.038999999999997037e-02
9.088999999999991530e-02
9.543999999999996930e-02
9.609999999999985221e-02
1.041699999999998738e-01
1.057299999999998796e-01
1.077299999999998814e-01
1.086799999999998878e-01
1.090299999999999603e-01
1.130700000000000038e-01
1.142900000000000027e-01
1.143999999999998352e-01
1.166899999999999604e-01
1.168899999999999384e-01
1.210299999999999709e-01
1.215199999999998504e-01
1.226999999999998092e-01
1.231799999999998452e-01
1.248299999999999965e-01
1.251199999999998980e-01
1.263299999999998313e-01
1.320699999999999097e-01
1.344899999999999984e-01
1.363099999999999312e-01
1.379199999999998205e-01
1.388399999999998524e-01
1.420899999999998276e-01
1.440399999999999459e-01
1.452899999999999192e-01
1.472999999999999865e-01
1.502099999999999547e-01
1.549399999999998556e-01
1.572399999999998244e-01
1.628199999999999648e-01
1.674799999999998512e-01
1.689999999999998170e-01
1.706099999999999284e-01
1.739899999999998670e-01
1.761899999999998467e-01
1.800999999999999268e-01
1.821299999999999031e-01
1.821999999999999176e-01
1.854699999999998017e-01
1.867599999999998150e-01
1.878199999999998759e-01
1.928099999999999259e-01
1.964799999999999880e-01
1.966599999999998349e-01
1.980099999999997973e-01
1.999899999999998901e-01
2.043800000000000061e-01
2.062799999999997969e-01
2.072799999999999088e-01
2.072999999999998177e-01
2.085699999999999221e-01
2.135499999999999066e-01
2.153199999999999559e-01
2.161399999999999988e-01
2.196399999999998354e-01
2.209099999999999397e-01
2.240999999999999659e-01
2.314599999999999991e-01
2.332599999999998008e-01
2.334499999999999353e-01
2.342199999999998727e-01
2.384499999999998288e-01
2.405499999999998195e-01
2.448399999999999466e-01
2.479599999999999582e-01
2.490299999999998626e-01
2.506699999999999484e-01
2.521199999999998997e-01
2.528099999999999792e-01
2.607499999999998153e-01
2.623499999999998611e-01
2.649099999999999788e-01
2.681099999999998484e-01
2.683999999999999719e-01
2.703599999999999337e-01
2.706999999999999407e-01
2.732699999999999019e-01
2.747100000000000097e-01
2.786799999999998168e-01
2.805699999999999861e-01
2.836299999999998267e-01
2.853899999999998105e-01
2.854999999999998650e-01
2.901199999999999335e-01
2.967199999999998727e-01
2.997199999999999864e-01
3.050299999999999123e-01
3.059199999999999697e-01
3.076899999999997970e-01
3.077900000000000080e-01
3.078399999999998915e-01
3.093799999999999883e-01
3.125899999999999235e-01
3.198399999999999022e-01
3.220699999999998564e-01
3.239900000000000002e-01
3.245000000000000107e-01
3.245999999999999996e-01
3.253199999999998315e-01
3.259099999999999220e-01
3.281199999999999672e-01
3.291799999999998061e-01
3.318399999999999128e-01
3.338699999999998891e-01
3.368999999999999773e-01
3.387599999999999500e-01
3.448399999999998133e-01
3.477189999999998893e-01
3.481799999999999340e-01
3.543199999999998573e-01
3.546429999999999305e-01
3.634279999999998623e-01
3.639649999999998720e-01
3.646489999999998899e-01
3.664939999999998754e-01
3.678929999999999145e-01
3.693059999999999121e-01
3.758549999999999391e-01
3.777219999999998912e-01
3.802069999999999617e-01
3.824619999999998576e-01
3.839879999999998850e-01
3.844329999999999137e-01
3.879319999999999435e-01
3.887769999999999282e-01
3.906729999999999370e-01
3.906829999999998915e-01
3.914909999999999224e-01
3.936319999999998709e-01
3.936569999999999236e-01
3.939889999999999226e-01
3.988769999999999261e-01
4.023689999999998657e-01
4.087619999999999587e-01
4.094719999999999471e-01
4.109349999999999392e-01
4.114009999999999057e-01
4.179969999999999519e-01
4.183009999999999229e-01
4.202599999999998559e-01
4.242419999999998970e-01
4.286139999999999395e-01
4.319379999999999331e-01
4.353789999999999605e-01
4.403199999999999337e-01
4.427259999999999529e-01
4.434409999999998631e-01
4.436309999999998865e-01
4.482259999999999023e-01
4.489289999999999115e-01
4.532189999999999275e-01
4.613369999999998861e-01
4.632369999999998988e-01
4.647179999999998534e-01
4.653929999999999456e-01
4.655039999999999178e-01
4.738419999999998744e-01
4.746239999999999348e-01
4.813039999999999541e-01
4.816779999999999395e-01
4.849549999999999139e-01
4.883929999999998550e-01
4.883979999999998878e-01
4.888259999999998717e-01
4.889709999999999335e-01
4.899109999999998744e-01
4.939719999999998556e-01
4.959219999999998629e-01
4.969709999999999406e-01
5.008789999999998521e-01
5.013289999999999136e-01
5.021969999999998935e-01
5.038359999999999506e-01
5.044469999999998677e-01
5.069969999999999200e-01
5.073519999999999142e-01
5.076319999999998611e-01
5.087559999999998750e-01
5.097609999999999086e-01
5.142199999999998994e-01
5.182319999999999149e-01
5.211329999999999574e-01
5.215949999999999198e-01
5.231459999999998889e-01
5.243539999999998757e-01
5.258939999999998616e-01
5.315979999999999039e-01
5.316509999999998737e-01
5.323219999999999619e-01
5.361729999999998997e-01
5.376069999999999460e-01
5.392289999999999583e-01
5.396519999999999095e-01
5.419789999999998775e-01
5.428789999999998894e-01
5.433839999999998671e-01
5.455539999999998724e-01
5.482989999999998698e-01
5.491269999999999207e-01
5.492849999999999122e-01
5.574359999999999316e-01
5.588079999999998604e-01
5.591859999999999609e-01
5.596929999999998850e-01
5.609279999999998712e-01
5.659729999999999484e-01
5.666819999999999080e-01
5.706689999999998708e-01
5.724609999999998866e-01
5.738059999999999272e-01
5.750849999999999573e-01
5.857149999999998746e-01
5.871189999999999465e-01
5.903019999999998824e-01
5.929769999999998653e-01
5.973499999999999366e-01
5.981599999999999140e-01
6.036189999999999056e-01
6.043569999999999220e-01
6.080419999999998604e-01
6.083799999999999208e-01
6.095129999999998605e-01
6.103449999999999154e-01
6.111989999999999368e-01
6.160429999999998962e-01
6.168879999999998809e-01
6.175189999999999291e-01
6.177119999999999278e-01
6.181219999999999493e-01
6.217089999999999561e-01
6.242259999999999476e-01
6.245579999999999465e-01
6.250989999999999602e-01
6.288049999999999473e-01
6.288689999999999003e-01
6.298649999999998972e-01
6.300489999999998592e-01
6.373149999999998538e-01
6.374799999999999356e-01
6.395379999999999399e-01
6.395649999999999391e-01
6.407839999999999092e-01
6.410289999999999599e-01
6.411879999999998692e-01
6.417069999999999164e-01
6.449879999999998947e-01
6.454109999999999570e-01
6.481089999999999351e-01
6.506119999999998571e-01
6.510179999999998746e-01
6.514949999999999353e-01
6.523419999999998664e-01
6.538939999999998642e-01
6.539739999999999442e-01
6.552179999999998561e-01
6.554709999999999148e-01
6.571179999999998689e-01
6.608569999999999167e-01
6.635769999999998614e-01
6.667029999999999346e-01
6.671389999999999265e-01
6.683169999999999389e-01
6.684589999999999144e-01
6.696449999999999347e-01
6.730109999999999149e-01
6.750779999999999559e-01
6.752829999999998556e-01
6.769089999999998719e-01
6.778039999999999621e-01
6.790189999999999282e-01
6.805049999999999155e-01
6.807799999999999407e-01
6.816299999999999581e-01
6.834799999999998654e-01
6.877449999999999397e-01
6.883949999999998681e-01
6.884159999999999169e-01
6.898119999999998697e-01
6.902859999999999552e-01
6.903599999999998627e-01
6.915989999999998528e-01
6.942049999999999610e-01
6.953459999999999086e-01
6.958669999999999023e-01
6.963319999999999510e-01
6.980419999999999403e-01
7.000139999999999141e-01
7.014809999999999102e-01
7.044689999999999008e-01
7.067669999999999231e-01
7.080799999999999317e-01
7.084329999999998684e-01
7.109469999999998846e-01
7.161709999999998910e-01
7.169419999999998572e-01
7.188909999999999467e-01
7.229939999999999145e-01
7.269579999999998821e-01
7.281729999999999592e-01
7.287039999999999074e-01
7.287749999999999506e-01
7.309639999999999471e-01
7.328029999999998712e-01
7.378689999999998861e-01
7.430889999999998885e-01
7.452869999999999218e-01
7.477919999999999012e-01
7.480499999999998817e-01
7.508839999999998849e-01
7.514249999999998986e-01
7.538779999999999371e-01
7.583569999999999478e-01
7.607739999999999503e-01
7.637779999999999569e-01
7.646929999999999561e-01
7.710349999999999149e-01
7.805379999999999541e-01
7.815889999999998672e-01
7.830879999999998953e-01
7.839429999999999454e-01
7.861979999999999524e-01
7.874229999999998730e-01
7.907159999999998634e-01
7.924689999999998680e-01
7.940929999999999378e-01
7.943889999999999008e-01
7.983719999999998596e-01
7.986139999999999350e-01
8.051849999999999286e-01
8.089009999999998701e-01
8.145319999999999228e-01
8.166849999999998833e-01
8.172709999999998587e-01
8.215109999999998802e-01
8.242209999999998704e-01
8.254809999999999093e-01
8.259199999999998765e-01
8.303799999999998960e-01
8.320649999999999435e-01
8.334119999999999306e-01
8.334279999999999466e-01
8.356069999999998776e-01
8.386019999999999586e-01
8.408189999999998721e-01
8.414129999999998555e-01
8.414769999999999195e-01
8.415269999999999140e-01
8.426309999999999079e-01
8.440549999999998887e-01
8.468389999999998974e-01
8.501029999999998310e-01
8.535269999999999246e-01
8.540409999999998281e-01
8.557109999999998884e-01
8.558609999999999829e-01
8.572359999999998870e-01
8.588769999999998905e-01
8.589189999999999880e-01
8.590859999999999053e-01
8.600869999999999349e-01
8.604149999999999299e-01
8.634849999999998360e-01
8.652529999999998278e-01
8.695699999999999541e-01
8.705879999999999175e-01
8.769469999999999210e-01
8.849989999999998691e-01
8.861429999999999030e-01
8.871259999999998591e-01
8.875859999999999861e-01
8.898759999999998893e-01
8.943529999999999536e-01
8.980729999999998991e-01
8.996999999999999442e-01
9.009799999999998921e-01
9.074749999999999206e-01
9.096839999999999371e-01
9.152829999999998467e-01
9.161359999999998394e-01
9.192799999999998750e-01
9.229229999999999379e-01
9.230169999999999764e-01
9.278939999999998856e-01
9.308159999999998657e-01
9.310319999999998597e-01
9.330309999999999437e-01
9.373259999999998815e-01
9.392799999999998928e-01
9.403809999999999114e-01
9.415359999999999285e-01
9.459339999999998305e-01
9.469819999999999904e-01
9.498279999999998946e-01
9.520659999999998568e-01
9.545959999999998891e-01
9.599569999999999492e-01
9.614729999999999110e-01
9.629579999999999806e-01
9.642589999999999772e-01
9.677509999999999168e-01
9.682929999999998483e-01
9.709089999999999110e-01
9.738269999999998872e-01
9.766799999999998816e-01
9.772159999999998625e-01
9.774799999999999045e-01
9.867329999999998602e-01
9.917899999999999494e-01
9.942759999999999376e-01
9.947229999999999128e-01
1.000273999999999885e+00
1.017650999999999861e+00
1.025269999999999904e+00
1.026421999999999946e+00
1.029433999999999960e+00
1.032845999999999931e+00
1.037974999999999870e+00
1.046067999999999998e+00
1.049992000000000036e+00
1.051826999999999845e+00
1.054845999999999950e+00
1.059191999999999911e+00
1.059559999999999835e+00
1.111793999999999949e+00
1.112887999999999877e+00
1.121618999999999922e+00
1.126946000000000003e+00
1.131551999999999891e+00
1.135266999999999804e+00
1.140294999999999837e+00
1.151067999999999980e+00
1.158192999999999806e+00
1.159976999999999814e+00
1.165399999999999991e+00
1.169507999999999992e+00
1.170361999999999902e+00
1.179330999999999907e+00
1.199708999999999914e+00
1.208427999999999836e+00
1.219333000000000000e+00
1.222979999999999956e+00
1.226267999999999914e+00
1.227732999999999963e+00
1.244037999999999977e+00
1.256814499999999946e+00
1.262461999999999973e+00
1.263014999999999999e+00
1.263344999999999940e+00
1.287922000000000011e+00
1.288311999999999902e+00
1.288337999999999983e+00
1.294949999999999823e+00
1.330417999999999878e+00
1.335356999999999905e+00
1.340019999999999989e+00
1.351393999999999984e+00
1.359314999999999829e+00
1.360876999999999892e+00
1.364635199999999937e+00
1.365555999999999992e+00
1.369707999999999926e+00
1.386079899999999920e+00
1.394325999999999954e+00
1.404605999999999799e+00
1.406058999999999948e+00
1.408050999999999942e+00
1.420284999999999798e+00
1.428588999999999887e+00
1.438166999999999973e+00
1.442377999999999938e+00
1.450716999999999812e+00
1.461959999999999926e+00
1.463774999999999826e+00
1.466065999999999869e+00
1.471881999999999913e+00
1.480109999999999815e+00
1.483715999999999813e+00
1.492540999999999896e+00
1.493244999999999933e+00
1.498386999999999913e+00
1.505135999999999807e+00
1.508404999999999996e+00
1.511616999999999988e+00
1.531291999999999875e+00
1.532649999999999846e+00
1.543804999999999872e+00
1.558014999999999928e+00
1.570098999999999911e+00
1.579593999999999943e+00
1.581797999999999815e+00
1.582338999999999940e+00
1.585384999999999822e+00
1.585629999999999873e+00
1.589454999999999840e+00
1.604559999999999986e+00
1.609221999999999930e+00
1.617459999999999898e+00
1.618956999999999979e+00
1.623350999999999988e+00
1.630274999999999919e+00
1.630360000000000031e+00
1.631342999999999988e+00
1.634302999999999839e+00
1.640575999999999812e+00
1.643353999999999981e+00
1.644409999999999927e+00
1.653522999999999854e+00
1.654086999999999863e+00
1.654325999999999963e+00
1.656923999999999841e+00
1.658757999999999955e+00
1.669057000000000013e+00
1.669143999999999961e+00
1.669372999999999774e+00
1.670974999999999877e+00
1.680879000000000012e+00
1.681095000000000006e+00
1.682575999999999850e+00
1.682974999999999888e+00
1.683668999999999860e+00
1.690690999999999944e+00
1.694728000000000012e+00
1.698113999999999901e+00
1.702483999999999886e+00
1.709267999999999788e+00
1.709863999999999828e+00
1.714606999999999992e+00
1.718724999999999836e+00
1.721029999999999838e+00
1.722104999999999997e+00
1.724226999999999954e+00
1.725551999999999975e+00
1.725752999999999870e+00
1.725851999999999942e+00
1.737754999999999939e+00
1.742990999999999957e+00
1.746420999999999779e+00
1.750079999999999858e+00
1.751649999999999929e+00
1.751897000000000038e+00
1.756798999999999999e+00
1.761409999999999920e+00
1.764040999999999970e+00
1.764195999999999875e+00
1.766173999999999911e+00
1.768965999999999816e+00
1.770100999999999924e+00
1.770245999999999986e+00
1.770980999999999916e+00
1.773292999999999786e+00
1.775231999999999921e+00
1.780741999999999825e+00
1.780964999999999909e+00
1.783488999999999880e+00
1.786946999999999841e+00
1.789617999999999931e+00
1.789959999999999773e+00
1.792764000000000024e+00
1.794946999999999848e+00
1.800778999999999908e+00
1.801472999999999880e+00
1.802438999999999902e+00
1.803156999999999899e+00
1.803382000000000041e+00
1.805069000000000035e+00
1.814715999999999774e+00
1.823728000000000016e+00
1.824167999999999790e+00
1.825783999999999851e+00
1.828393999999999853e+00
1.834102999999999817e+00
1.834698999999999858e+00
1.835073999999999872e+00
1.835423000000000027e+00
1.838346999999999953e+00
1.843086000000000002e+00
1.843791999999999875e+00
1.843837999999999866e+00
1.844216999999999995e+00
1.844237999999999822e+00
1.847900999999999794e+00
1.849129000000000023e+00
1.850025000000000031e+00
1.855329999999999924e+00
1.856672999999999796e+00
1.865591999999999917e+00
1.871204999999999785e+00
1.874933999999999878e+00
1.884354999999999780e+00
1.890789999999999971e+00
1.891534000000000049e+00
1.892345999999999862e+00
1.895146999999999915e+00
1.896384999999999987e+00
1.900922000000000001e+00
1.905503999999999865e+00
1.907259999999999955e+00
1.909457999999999878e+00
1.909459000000000017e+00
1.910124999999999851e+00
1.912066999999999961e+00
1.912199999999999900e+00
1.913205999999999962e+00
1.914768999999999943e+00
1.915030999999999928e+00
1.920117999999999991e+00
1.921937999999999924e+00
1.924760999999999944e+00
1.925869000000000053e+00
1.926584999999999770e+00
1.927299999999999791e+00
1.927821999999999925e+00
1.927946999999999855e+00
1.936317999999999984e+00
1.939597999999999933e+00
1.939819999999999878e+00
1.941565999999999903e+00
1.942508999999999819e+00
1.944474999999999953e+00
1.945795999999999859e+00
1.947325999999999890e+00
1.947763999999999829e+00
1.949465000000000003e+00
1.954577000000000009e+00
1.954936000000000007e+00
1.956377999999999950e+00
1.959641999999999884e+00
1.960181999999999869e+00
1.960278999999999883e+00
1.960452999999999779e+00
1.961942999999999770e+00
1.962270999999999876e+00
1.967694999999999972e+00
1.968643999999999838e+00
1.969943999999999917e+00
1.974490999999999996e+00
1.974847000000000019e+00
1.975907999999999998e+00
1.977736999999999856e+00
1.980250999999999983e+00
1.982939999999999925e+00
1.983635000000000037e+00
1.987009000000000025e+00
1.988761999999999919e+00
1.989675999999999778e+00
1.990369999999999973e+00
1.990695999999999799e+00
1.993075999999999848e+00
1.994961999999999902e+00
1.995487999999999928e+00
1.995938999999999908e+00
1.996527999999999858e+00
1.997084999999999777e+00
1.997341999999999951e+00
1.999397999999999787e+00
2.000955999999999957e+00
2.002056999999999753e+00
2.010518999999999945e+00
2.010673999999999850e+00
2.012302000000000035e+00
2.013227999999999795e+00
2.014650999999999748e+00
2.015102999999999867e+00
2.017952999999999886e+00
2.021964999999999790e+00
2.022260000000000169e+00
2.023859999999999992e+00
2.024995999999999796e+00
2.026990999999999765e+00
2.031412999999999691e+00
2.034729000000000010e+00
2.036191999999999780e+00
2.040700999999999876e+00
2.041221999999999870e+00
2.041320999999999941e+00
2.041744000000000003e+00
2.047987000000000002e+00
2.049838999999999967e+00
2.050378999999999952e+00
2.054638999999999882e+00
2.056271999999999878e+00
2.058689999999999909e+00
2.059213999999999878e+00
2.065104999999999968e+00
2.075326999999999700e+00
2.076232999999999773e+00
2.084832999999999714e+00
2.085354999999999848e+00
2.090075999999999823e+00
2.091203000000000145e+00
2.091245999999999938e+00
2.091501999999999750e+00
2.094113999999999809e+00
2.098021999999999831e+00
2.099974999999999703e+00
2.103082999999999814e+00
2.105326999999999948e+00
2.110472999999999821e+00
2.110793999999999837e+00
2.114408000000000065e+00
2.114562999999999970e+00
2.115076999999999874e+00
2.117280999999999747e+00
2.117579000000000100e+00
2.117825999999999986e+00
2.122672999999999810e+00
2.127175999999999956e+00
2.127212999999999798e+00
2.128368000000000038e+00
2.133296999999999777e+00
2.135410999999999948e+00
2.137417999999999818e+00
2.142554000000000070e+00
2.145699999999999719e+00
2.146881000000000039e+00
2.149630999999999847e+00
2.149890999999999774e+00
2.150615999999999861e+00
2.152608999999999995e+00
2.153754000000000168e+00
2.154274000000000022e+00
2.155063000000000173e+00
2.156733000000000011e+00
2.159316999999999709e+00
2.162398999999999738e+00
2.166217000000000059e+00
2.168454999999999799e+00
2.172753000000000156e+00
2.173448999999999742e+00
2.178186999999999873e+00
2.178355999999999959e+00
2.181299999999999795e+00
2.182825999999999933e+00
2.185287999999999897e+00
2.188416999999999835e+00
2.189432000000000045e+00
2.193004000000000175e+00
2.194596999999999909e+00
2.196613000000000149e+00
2.197559000000000040e+00
2.197976999999999848e+00
2.199640999999999735e+00
2.199875999999999721e+00
2.202361999999999931e+00
2.205746999999999680e+00
2.206672999999999885e+00
2.207332000000000072e+00
2.208347999999999978e+00
2.209953000000000056e+00
2.210668000000000077e+00
2.213978000000000002e+00
2.219174999999999898e+00
2.219725999999999644e+00
2.220005000000000006e+00
2.223333999999999921e+00
2.223663000000000167e+00
2.223938999999999666e+00
2.225921000000000038e+00
2.226358999999999977e+00
2.227543999999999969e+00
2.229280999999999846e+00
2.229644999999999655e+00
2.230249999999999844e+00
2.230294999999999916e+00
2.230754999999999821e+00
2.232088999999999768e+00
2.232821999999999640e+00
2.238503999999999827e+00
2.242110999999999965e+00
2.245286999999999811e+00
2.246614000000000111e+00
2.249566999999999872e+00
2.259727999999999959e+00
2.261104999999999698e+00
2.266129999999999978e+00
2.266429000000000027e+00
2.266773999999999845e+00
2.267191999999999652e+00
2.268353999999999981e+00
2.268523000000000067e+00
2.269254999999999800e+00
2.269325999999999954e+00
2.269517999999999702e+00
2.272778999999999883e+00
2.273708000000000062e+00
2.274767999999999901e+00
2.275396999999999892e+00
2.276368999999999865e+00
2.276411999999999658e+00
2.276679999999999815e+00
2.278830999999999829e+00
2.285817999999999905e+00
2.287770999999999777e+00
2.288368999999999875e+00
2.288758999999999766e+00
2.290111999999999703e+00
2.291684999999999750e+00
2.293096999999999941e+00
2.297865999999999964e+00
2.299119999999999830e+00
2.299824999999999786e+00
2.300377000000000116e+00
2.305094999999999672e+00
2.305139999999999745e+00
2.309527000000000108e+00
2.309822000000000042e+00
2.317727999999999788e+00
2.319172000000000011e+00
2.327620000000000022e+00
2.331674999999999720e+00
2.332345999999999808e+00
2.332809999999999828e+00
2.333486999999999867e+00
2.352299999999999613e+00
2.353689999999999838e+00
2.355349999999999611e+00
2.356489999999999974e+00
2.356930000000000192e+00
2.357940000000000147e+00
2.358629999999999782e+00
2.358729999999999993e+00
2.359779999999999767e+00
2.364290000000000003e+00
2.365739999999999732e+00
2.366600000000000037e+00
2.368959999999999955e+00
2.373260000000000147e+00
2.376050000000000217e+00
2.383239999999999803e+00
2.386050000000000004e+00
2.386610000000000120e+00
2.388230000000000075e+00
2.396209999999999951e+00
2.398299999999999876e+00
2.398919999999999941e+00
2.401339999999999808e+00
2.404409999999999936e+00
2.407070000000000043e+00
2.407680000000000042e+00
2.415949999999999598e+00
2.419249999999999901e+00
2.419389999999999930e+00
2.419419999999999682e+00
2.420289999999999608e+00
2.421509999999999607e+00
2.431709999999999816e+00
2.432929999999999815e+00
2.433159999999999989e+00
2.437349999999999905e+00
2.442720000000000002e+00
2.444010000000000016e+00
2.444110000000000227e+00
2.445439999999999614e+00
2.446189999999999642e+00
2.447359999999999758e+00
2.448430000000000106e+00
2.448799999999999866e+00
2.453509999999999636e+00
2.458540000000000170e+00
2.460149999999999615e+00
2.460389999999999855e+00
2.461689999999999934e+00
2.463779999999999859e+00
2.464809999999999945e+00
2.466260000000000119e+00
2.473759999999999959e+00
2.476939999999999920e+00
2.477129999999999832e+00
2.477579999999999671e+00
2.478359999999999896e+00
2.479029999999999845e+00
2.489440000000000097e+00
2.491880000000000095e+00
2.496259999999999923e+00
2.497029999999999639e+00
2.499939999999999607e+00
2.501649999999999707e+00
2.502040000000000042e+00
2.507239999999999913e+00
2.509220000000000006e+00
2.512270000000000003e+00
2.513490000000000002e+00
2.531259999999999621e+00
2.531699999999999839e+00
2.534939999999999749e+00
2.540389999999999926e+00
2.545499999999999652e+00
2.546359999999999957e+00
2.553869999999999862e+00
2.554509999999999614e+00
2.554699999999999971e+00
2.557069999999999954e+00
2.557599999999999874e+00
2.557659999999999823e+00
2.559079999999999799e+00
2.559859999999999580e+00
2.560799999999999965e+00
2.561440000000000161e+00
2.564339999999999620e+00
2.564739999999999576e+00
2.568439999999999834e+00
2.572519999999999918e+00
2.577659999999999840e+00
2.582749999999999879e+00
2.583759999999999835e+00
2.584109999999999907e+00
2.592900000000000205e+00
2.593119999999999870e+00
2.593449999999999811e+00
2.595799999999999663e+00
2.595860000000000056e+00
2.599249999999999616e+00
2.600740000000000052e+00
2.602769999999999584e+00
2.603049999999999642e+00
2.604379999999999917e+00
2.605119999999999880e+00
2.605310000000000237e+00
2.606510000000000105e+00
2.609269999999999978e+00
2.609879999999999978e+00
2.611799999999999677e+00
2.614980000000000082e+00
2.617210000000000036e+00
2.618710000000000093e+00
2.619479999999999809e+00
2.628210000000000157e+00
2.628350000000000186e+00
2.628739999999999633e+00
2.629799999999999915e+00
2.641700000000000159e+00
2.643159999999999954e+00
2.649739999999999984e+00
2.651909999999999989e+00
2.659219999999999917e+00
2.660619999999999763e+00
2.664410000000000167e+00
2.664659999999999584e+00
2.664670000000000094e+00
2.666329999999999867e+00
2.669159999999999755e+00
2.672829999999999817e+00
2.673280000000000101e+00
2.679920000000000080e+00
2.695240000000000080e+00
2.697659999999999947e+00
2.698329999999999895e+00
2.699819999999999887e+00
2.699930000000000163e+00
2.701779999999999848e+00
2.705899999999999750e+00
2.711699999999999999e+00
2.720639999999999947e+00
2.723599999999999799e+00
2.726300000000000168e+00
2.727199999999999847e+00
2.727329999999999810e+00
2.734300000000000175e+00
2.734329999999999927e+00
2.735009999999999941e+00
2.742319999999999869e+00
2.751959999999999962e+00
2.761439999999999895e+00
2.764610000000000234e+00
2.766149999999999665e+00
2.772170000000000023e+00
2.775929999999999787e+00
2.779860000000000220e+00
2.781169999999999920e+00
2.783179999999999765e+00
2.792839999999999989e+00
2.799909999999999677e+00
2.817569999999999908e+00
2.827569999999999695e+00
